1000000000000000000000000000000000000000000000000000000000000000000000000000000000000000000000000000000000000000000000000000000000000000000000000000000000000000000000000000000000000000000000000000000000000000000000000000000000000000000000000000000000000000000000000000000000000000000000000000000000000
1000000000000000000000000000000000000000000000000000000000000000000000000000000000000000000000000000000000000000000000000000000000000000000000000000000000000000000000000000000000000000000000000000000000000000000000000000000000000000000000000000000000000000000000000000000000000000000000000000000000000
1000000000000000000000000000000000000000000000000000200000000000000000000000000003000003000000000000000000000000000000000000000000000000000000000000000000000000000000000000000000000000000000000000000000000000000000000000000000000000000000000000000000000000000000000000000000000000000000000000000000000
1000000000000000000000000000000000000000000000000000000000000000000000000000000000000000000000000000000000000000000000000000000000000000000000000000000000000000000000000000000030000000000000000000000000000000000000000000000000000000000000000000000000000000000000000000000000000000000000000000000010000
10000000000000000312100000000000000000000000000000000000000000000000000000000000000000000000000000000000000000000300000000000000020000000000000000000000000000000000000000000000000000000000000000000000000000000000000000000000000000000000000000000000000000000000000000000000000000000000000000000000010000
1000000000000000000000000000000000000000000000000020002000000000000000000000000111121111110000000000000000000000000000000000000000000000000000000000000001000000000000000000000000000000000000000000000000000000000000000000000000000000000000000000000000000000000000000000000000000000000000000000000010000
10000000000000003000000000000000000000000000000000000000000000000000000000000000000000000000000000000000000000000000000000000010000000000000000000000000000000000000000000000000000000000000000000000000000000000000000000000000000000000000000000000000000000000000000000000000000000000000000000000000010000
100000000000000000000000000000000000001111100000000000000000000000000000100000000000000000000000000000000000000111111000010000010010000000000000000000000000000000000000000000001000000000000000000000000000000000000000000000000000000000000010000000000000000000000000000000000000000000000000000000010000
10000033000000001000000000000000000000000000000002002002000000000000000110000011111110000000000000000000000000011120010000000000000000000000000000000000000000000000000000101000100000100000000000000000000100001000000000000000000000000000001100000000000000000000000000000000300000000000B0000030000010000
1000000000000011100011000000000000000000000000000000000000000000000001110000000000000110000000000000000000000010000000000100000000000010000000000000000000000000000000000000000000000000000000000000000000110000110000000000000000000000000011110000014114114100000000000000000000000000000000000000000010000
10000000000001111105011110000500001100000000000000500000000050000011111100000005000000000100000000050000500001110000000000000000000000000000000000060000000010000000000050144444444444441000000000050000001110000111000000000500000000060001111110050011111111100000000000000000000000000000000000000000010000
1111111111111111111111111111111111111111111111111111111111111111111111111111111111111111111111111111111111111111111111111100000000001111111111111111111000011111111111111111111111111111111111111111111111114444111111111111111111111111111111111111111111111111111111111111111111111111111111111111111111111
1111111111111111111111111111111111111111111111111111111111111111111111111111111111111111111111111111111111111111111111111100000000001111111111111111111000011111111111111111111111111111111111111111111111111111111111111111111111111111111111111111111111111111111111111111111111111111111111111111111111111
1111111111111111111111111111111111111111111111111111111111111111111111111111111111111111111111111111111111111111111111111100000000001111111111111111111000011111111111111111111111111111111111111111111111111111111111111111111111111111111111111111111111111111111111111111111111111111111111111111111111111
