100000000000000000000000000000000000000000000000000000000000000000000000000000000000000000000000000000000000000000000000000000000000000000000000000000000000000000000000000000000000000000000000000000000000010000000000000000000000000000000000000000000000000000000000000000000000000000000000000000000001
100000000000000000000000000000000000000000000000000000000000000000000000000000000000000000000000000000000000000000000000000000000000000000000000000000000000000000000000000000000000000000000000000000000000010000000000000000000000000000000000000000000000000000000000000000000000000000000000000000000001
100000000000000000000000000000000000000000000000000000000000000000000000000000000000000000000000000000000000000000000000000000000000000000000000000000000000000000000000000000000000000000000000000000000000010000000000000000000000000000000000000000000000000000000000000000000000000000000000000000000001
100000000000000000000000000000000000000000000300000000000000000000000000000000000000000000000000000000000000000000000000000000000000000000000000000000000000000000000000000000000000000000000000000000000000010000000000000070000000000000000000000000000000000000000000000000000000000000000000000000000001
100000000000000000000000000003000000300000000000000000000000000000000000000000000000000000000000000000000000000000000000000000000000000000000000000000000000000300000003000000000000000000000000000000000000010000000000000000000000000000000000000000000000000000000000000000000000000000000000000000000001
100000000000000000000000000000000000000000000000000000000000020000000000000000000000000000000000000000000000000000000000000000000000000000000000000000000000000000000000000000000000000000000000000000000000010000000000070111000001110000000000000000000000000000000000000000000000000000000000000000000001
100000000000000000000000000000000000000000011110000000000000000000000000000000000000000000000000000000000000000000000000000000000000000000000000000000000000000000000000000000000000000000000000300000000000010000000000000111000001110000000000000000000000000000000000000000000000000000000000000000000001
100000000000000000000000000000000001111000000000000000000000000000000000000000000000000000000000000000000001100000000000000000000000000300000000000000000000011110000111100000000000000000000000000000000000010000000070111111000001111110000000000000000000000000000000000000000000000000000000000000000001
100000000000000000000000000011100000000000000000000001000011111111100010000000000000000000000000000000000001100000000000000000000000000000000000000000000000000000000000000000000022000000000000000000000000010000000000111111000001111110000000000000000000000000000000000000000000000000000000000000000001
1000000023000000000011000000000000000000000000000000010000000000000000100000220000000000000000000000000110011000000000000000002200000000000000000000000111000000000000000000010000000000000000012100000001100000000701111111110000011111111100000000000000000003000000000000000030000000000B0000000000300001
100000000000001100001100000000000000000000000000000701000000000000000010000000000000000000000000000000011001100000000000000000000000000100000000000000000000000000000000000001000000000011000000000000000110000000000111111111000001111111110000000000000000000000000000000000000000000000000000000000000001
100000000000111100001100110000000005000000000000000001000000005000000010000000000000000050000000000110011001100000000000000006000000000100000000011000000000000000000000000001000060000011000000000600000110000000111111111111000001111111111110000000000000000000000000000000000000000000000000000000000001
111111111111111100001111111111111111111111111111111111111111111111110011111111111111111111111111111110011001100000111111111111111111111111111111111444444444444444444444444441111111111111111111111111111111111111111111111111000001111111111111111111111111111111111111111111111111111111111111111111111111
111111111111111100001111111111111111111111111111111111111111111111110011111111111111111111111111111110011001100000111111111111111111111111111111111111111111111111111111111111111111111111111111111111111111111111111111111111000001111111111111111111111111111111111111111111111111111111111111111111111111
111111111111111100001111111111111111111111111111111111111111111111110011111111111111111111111111111110011001100000111111111111111111111111111111111111111111111111111111111111111111111111111111111111111111111111111111111111000001111111111111111111111111111111111111111111111111111111111111111111111111